1 0.6672169197396963 0.5541171366594361 0.6098251626898049 0.5525229211858279 0.6085405639913232 0.6347372378886479 0.6659323210412147 0.636331453362256
1 0.6054610492845787 0.5440805511393746 0.48420190779014305 0.5354191838897722 0.48 0.6400000000000001 0.6012591414944355 0.6486613672496025
1 0.886 0.5333333333333334 0.684 0.5333333333333334 0.684 0.6386666666666668 0.886 0.6386666666666668
0 0.829 0.0626666666666668 0.718 0.06266666666666679 0.718 0.11600000000000012 0.829 0.11600000000000013
0 0.78 0.3920000000000001 0.705 0.3920000000000001 0.705 0.4653333333333335 0.78 0.4653333333333335
0 0.6084615384615384 0.05907692307692313 0.5676153846153845 0.02276923076923083 0.530076923076923 0.09784615384615389 0.5709230769230768 0.13415384615384618
0 0.7081343540071864 0.1656689059001199 0.6441443524449304 0.16460240587408226 0.6429753163568191 0.289299588605947 0.7069653179190751 0.29036608863198465
0 0.25462523245571117 0.8482838406577273 0.14427356366839592 0.8424566898306745 0.14280855437016748 0.8917786695376987 0.2531602231574827 0.8976058203647516
0 0.27362568807339455 0.011136391437308915 0.21440733944954132 0.008743730886850175 0.21246238532110095 0.09432171253822634 0.2716807339449541 0.09671437308868508
0 0.529 8.433734290128106e-17 0.468 7.935711258474847e-17 0.468 0.11333333333333341 0.529 0.11333333333333341
0 0.633 0.16000000000000011 0.564 0.1600000000000001 0.564 0.2893333333333334 0.633 0.2893333333333334
0 0.451 6.833529139242232e-17 0.38 6.253862987645817e-17 0.38 0.11733333333333341 0.451 0.11733333333333341
0 0.5545843828715367 0.15757850545759874 0.4851415617128464 0.1561088161209069 0.4835571788413099 0.28919697732997496 0.5530000000000003 0.2906666666666668
0 0.34689291784702553 0.0006632672332389665 0.2790980169971672 -0.0014889518413597406 0.2770940509915014 0.11073314447592073 0.34488895184135976 0.11288536355051944
0 0.21067204580947418 0.11314731910463302 0.20988693388859964 0.010559361443692529 0.08723643935450284 0.012228075655040778 0.08802155127537739 0.11481603331598128
0 0.2500000000000001 0.916 0.049000000000000085 0.916 0.049000000000000085 0.996 0.2500000000000001 0.996
0 0.3594995542347698 0.846701139177811 0.27857533432392284 0.8448408122833088 0.276621396731055 0.9959453194650819 0.357545616641902 0.9978056463595841
0 0.668 0.3626666666666668 0.474 0.3626666666666668 0.474 0.46800000000000014 0.668 0.46800000000000014
0 0.46368106274731496 0.34455820614283034 0.2626698699830413 0.34254305634068216 0.26195505935556823 0.46930280761258725 0.4629662521198418 0.4713179574147353
0 0.25750039482980763 0.3525419558621836 0.0526138564481942 0.34196716678442296 0.048925231702755534 0.4690197969050885 0.25381177008436895 0.4795945859828492
0 0.4647009846436406 0.6838161998537491 0.05266486403754916 0.6798920463241672 0.051893117698076696 0.8239513630256958 0.46392923830416816 0.8278755165552777
0 0.4668095312659563 0.6398143309391701 0.4629360247812915 0.4985235705937751 0.06009830139224564 0.5181570888790549 0.06397180787691051 0.6594478492244499
0 0.462 0.16400000000000006 0.04900000000000002 0.164 0.04900000000000003 0.29200000000000004 0.462 0.2920000000000001