0 0.17562500000000006 0.7075913776944704 0.17125000000000007 0.7075913776944704 0.17125000000000007 0.7104029990627929 0.17562500000000006 0.7104029990627929
0 0.370323275862069 0.011440390395242937 0.367198275862069 0.00956597614969467 0.36625 0.013120899718837942 0.369375 0.01499531396438621
0 0.3775 0.36363636363636376 0.373125 0.36363636363636376 0.373125 0.36925960637300853 0.3775 0.36925960637300853
0 0.3625 0.365510777881912 0.359375 0.365510777881912 0.359375 0.3711340206185568 0.3625 0.3711340206185568
0 0.07250000000000006 0.8341143392689785 0.06750000000000007 0.8341143392689785 0.06750000000000007 0.837863167760075 0.07250000000000006 0.837863167760075
0 0.03179815573770492 0.6491542089818243 0.03117315573770492 0.6388449306313089 0.028750000000000005 0.6391752577319587 0.029375000000000005 0.6494845360824743
0 0.9887499999999999 0.9109653233364574 0.9877155172413791 0.907087224897392 0.9831896551724136 0.9098018938047377 0.9842241379310345 0.9136799922438033
0 0.20197331460674164 0.4511230689847625 0.19562500000000008 0.44517338331771333 0.19302668539325846 0.45140739024672777 0.19937500000000002 0.457357075913777
0 0.990625 0.43486410496719796 0.984375 0.43486410496719796 0.984375 0.44236176194939103 0.990625 0.44236176194939103
0 0.09289689781021902 0.42127802215092464 0.08245894160583944 0.41558637013524524 0.08039689781021901 0.42408964351924705 0.09083485401459859 0.42978129553492644
0 0.08571153846153848 0.4300771393554899 0.07986538461538464 0.4289813279504001 0.07937500000000003 0.4348641049671978 0.08522115384615386 0.4359599163722876
0 0.14163970588235297 0.875064777551133 0.13601470588235298 0.8731903633055847 0.13500000000000006 0.880037488284911 0.14062500000000003 0.8819119025304593
0 0.18937500000000007 0.44611059044048734 0.18187500000000006 0.44611059044048734 0.18187500000000006 0.4526710402999063 0.18937500000000007 0.4526710402999063
0 0.37875 0.7000937207122775 0.3630493630573249 0.6931691330535642 0.36187500000000006 0.6991565135895034 0.37757563694267515 0.7060811012482168
0 0.3943798076923077 0.6968711700670466 0.3865480769230769 0.6877370052627787 0.380625 0.6991565135895035 0.38845673076923076 0.7082906783937714