0 0.4283037475345168 0.2798487836949376 0.42777777777777776 0.2722222222222222 0.3472222222222222 0.2777777777777778 0.34774819197896123 0.28540433925049313
0 0.7722222222222223 0.8916666666666668 0.7536163522012578 0.8581761006289309 0.7333333333333333 0.8694444444444445 0.7519392033542978 0.9029350104821804
0 0.686111111111111 0.08055555555555564 0.6645726495726496 0.07786324786324796 0.6611111111111111 0.10555555555555564 0.6826495726495726 0.10824786324786334
0 0.3853711790393014 0.35693837942746237 0.3333333333333333 0.35 0.32983988355167393 0.37620087336244545 0.381877729257642 0.3831392527899079
0 0.4689655172413792 0.20536398467432956 0.46588122605363974 0.16835249042145597 0.4527777777777777 0.16944444444444445 0.4558620689655172 0.20645593869731804
0 0.6250000000000001 0.7694444444444445 0.6111111111111113 0.7694444444444445 0.6111111111111113 0.8138888888888889 0.6250000000000001 0.8138888888888889
0 0.4133527454242928 0.18020428914771677 0.41111111111111104 0.16944444444444448 0.3401183213163246 0.18423460898502497 0.34235995562950633 0.1949944536882973
0 0.6863026819923372 0.8384099616858238 0.6441570881226053 0.8215517241379311 0.6384099616858236 0.8359195402298851 0.6805555555555556 0.852777777777778
0 0.37222222222222223 0.47777777777777786 0.3322222222222223 0.4577777777777778 0.32388888888888895 0.4744444444444445 0.3638888888888889 0.4944444444444445
0 0.8694444444444445 0.3861111111111113 0.825 0.3861111111111113 0.825 0.40000000000000013 0.8694444444444445 0.40000000000000013
0 0.6361111111111113 0.7166666666666667 0.6194444444444446 0.7166666666666667 0.6194444444444446 0.7611111111111111 0.6361111111111113 0.7611111111111111
0 0.7583333333333333 0.37777777777777793 0.6777777777777778 0.37777777777777793 0.6777777777777778 0.3944444444444446 0.7583333333333333 0.3944444444444446
0 0.6537068965517241 0.701906130268199 0.6508620689655172 0.653544061302682 0.6166666666666666 0.6555555555555554 0.6195114942528736 0.7039176245210725
0 0.8757725180802104 0.7625904010519396 0.7757725180802104 0.720923734385273 0.7694444444444445 0.7361111111111113 0.8694444444444445 0.7777777777777779
0 0.8455113417916186 0.9261245674740484 0.7776047673971549 0.8899077277970011 0.7666089965397924 0.9105247981545558 0.834515570934256 0.9467416378316033
0 0.5821710775558802 0.6308126319207664 0.4655044108892137 0.5835904096985441 0.46111111111111114 0.5944444444444446 0.5777777777777777 0.6416666666666668
0 0.9894092140921409 0.3889051490514906 0.9 0.3861111111111112 0.899479674796748 0.4027615176151763 0.9888888888888889 0.4055555555555557
0 0.9756237006237007 0.7958304458304462 0.8822562947562947 0.7604152229152232 0.8732992607992609 0.7840292215292217 0.9666666666666668 0.8194444444444446
0 0.519337899543379 0.37212328767123287 0.46851598173515985 0.32493150684931515 0.4224124809741248 0.3745814307458144 0.47323439878234397 0.4217732115677321
0 0.7077790973871733 0.3466283979941938 0.6628859857482184 0.298528635523885 0.575 0.38055555555555554 0.6198931116389548 0.4286553180258644
0 0.606111111111111 0.5072222222222222 0.45499999999999996 0.4316666666666667 0.43222222222222223 0.47722222222222227 0.5833333333333334 0.5527777777777778
0 0.9921228423199594 0.19833648173244084 0.9888888888888889 0.1777777777777778 0.7376767552325023 0.21729429318440036 0.740910708663573 0.23785299713906335
0 0.6055555555555555 0.2222222222222223 0.4444444444444444 0.2222222222222223 0.4444444444444444 0.32777777777777783 0.6055555555555555 0.32777777777777783
0 0.9932189948630543 0.5965749749465397 0.6522094390392098 0.5230815361914006 0.6478793330650444 0.5431732279115279 0.9888888888888889 0.6166666666666668
0 0.6680026641592226 0.09952201849239942 0.6381664315937939 0.0460225669957687 0.4520388653816016 0.14982447892179912 0.48187509794703026 0.20332393041842983
0 0.9972222222222222 8.249356910923144e-17 1.2076378158258625e-17 2.1431318985078683e-17 7.313862828241138e-17 0.9972222222222222 0.9972222222222222 0.9972222222222222