1 0.09495588235294114 0.6431764705882353 0.08620588235294122 0.6356764705882354 0.08250000000000003 0.6400000000000001 0.09124999999999997 0.6475000000000002
1 0.636243093922652 0.6536187845303868 0.6350000000000001 0.6300000000000001 0.6271926795580111 0.6304109116022102 0.628435773480663 0.6540296961325969
1 0.858125 0.6318750000000001 0.84575 0.62775 0.843875 0.633375 0.85625 0.6375
1 0.34257534246575355 0.8255342465753425 0.3375000000000001 0.825 0.33492465753424666 0.8494657534246577 0.34000000000000014 0.8500000000000001
1 0.2510769230769232 0.6281153846153847 0.22482692307692312 0.6131153846153847 0.21875000000000003 0.6237500000000001 0.2450000000000001 0.6387500000000002
1 0.23250000000000007 0.64 0.22125000000000006 0.64 0.22125000000000006 0.64875 0.23250000000000007 0.64875
1 0.508412610619469 0.8499391592920352 0.5070630530973451 0.8296957964601769 0.5025 0.8299999999999998 0.5038495575221238 0.8502433628318582
1 0.48173275862068976 0.8367068965517241 0.47625 0.83625 0.4747241379310345 0.8545603448275862 0.48020689655172427 0.8550172413793103
1 0.120475 0.43707499999999994 0.11909999999999998 0.4274499999999999 0.10737499999999997 0.4291249999999999 0.10874999999999999 0.43875
1 0.16565878378378382 0.6254222972972973 0.14440878378378388 0.6141722972972973 0.14000000000000007 0.6225000000000002 0.16125 0.63375
1 0.1265672588832487 0.6481916243654822 0.12468908629441625 0.6218972081218275 0.11225253807106599 0.6227855329949239 0.11413071065989847 0.6490799492385786
1 0.15500000000000008 0.64 0.13625000000000007 0.64 0.13625000000000007 0.6475 0.15500000000000008 0.6475
1 0.7842439024390244 0.6308048780487807 0.7679939024390245 0.6233048780487808 0.7637500000000002 0.6325000000000002 0.78 0.6400000000000002
1 0.705387168141593 0.8354424778761063 0.69875 0.8350000000000002 0.6971902654867257 0.8583960176991151 0.7038274336283188 0.8588384955752213
1 0.5937500000000001 0.6350000000000001 0.5837500000000001 0.6300000000000001 0.5750000000000001 0.6475 0.5850000000000001 0.6525
1 0.5810079479768785 0.6450108381502893 0.5672579479768786 0.6262608381502891 0.55875 0.6325000000000001 0.5725 0.6512500000000003
1 0.6769249999999998 0.857225 0.6733999999999999 0.8325500000000001 0.665 0.83375 0.6685249999999999 0.8584249999999999
1 0.40125000000000016 0.625 0.36500000000000016 0.625 0.36500000000000016 0.6375 0.40125000000000016 0.6375
1 0.6602155172413794 0.8324137931034484 0.6353232758620692 0.8217456896551727 0.6251077586206898 0.8455818965517242 0.65 0.85625
1 0.43065878378378386 0.6258277027027027 0.40568918918918917 0.6218851351351352 0.40125 0.6500000000000001 0.4262195945945947 0.6539425675675677
1 0.3250000000000001 0.625 0.27625000000000005 0.625 0.27625000000000005 0.6475 0.3250000000000001 0.6475