1 0.6256925865294669 0.23072793888369206 0.49141440598690367 0.21508387901465553 0.4844718194574369 0.3210226067976303 0.61875 0.33666666666666684
2 0.18675904977375574 0.7824132730015084 0.06827771493212677 0.7748906485671192 0.06041572398190054 0.9950263951734541 0.17889705882352952 1.0025490196078433
0 0.2863708178438662 0.8617905824039653 0.27629879182156136 0.7588320941759605 0.1811779739776952 0.7753748451053284 0.19125 0.8783333333333333
0 0.2375 0.15333333333333338 0.22125 0.15333333333333338 0.22125 0.20500000000000004 0.2375 0.20500000000000004
0 0.43625 0.2300000000000001 0.3525 0.2300000000000001 0.3525 0.30333333333333345 0.43625 0.30333333333333345
0 0.21 0.18500000000000005 0.14750000000000002 0.18500000000000005 0.14750000000000005 0.2866666666666667 0.21 0.2866666666666667
0 0.9700313884785821 0.2972451994091582 0.8664826440177252 0.2919350073855245 0.8647655096011816 0.3514623338257018 0.9683142540620385 0.35677252584933544
0 0.09905725567620931 0.14656465942744326 0.020290597235932892 0.1442308325106943 0.01853405725567623 0.24962323132609418 0.09730071569595264 0.25195705824284315
0 0.06750000000000006 0.5583333333333333 5.1282084714295416e-17 0.5583333333333333 6.016077400811372e-17 0.7516666666666667 0.06750000000000007 0.7516666666666667
0 0.9694507261410787 0.5113713692946058 0.9651996887966804 0.41879322268326413 0.8594989626556016 0.42742185338865835 0.8637499999999999 0.52
0 0.29205954323001626 0.9138879825992388 0.23146411092985317 0.8283414899401849 0.1648450244698206 0.9122321914083742 0.2254404567699837 0.997778684067428
0 0.08500000000000003 0.31666666666666665 2.923844232964306e-17 0.31666666666666665 3.804059119851465e-17 0.5083333333333333 0.08500000000000003 0.5083333333333333
0 0.9997525380710658 0.8387140439932318 0.9922652284263959 0.6989509306260575 0.8670114213197969 0.7108798646362098 0.874498730964467 0.8506429780033841
0 0.99875 0.5683333333333335 0.865 0.5683333333333335 0.865 0.6883333333333336 0.99875 0.6883333333333336
0 0.8392397260273973 0.24403652968036543 0.6416866438356166 0.23428082191780836 0.6377773972602742 0.37501369863013706 0.8353304794520546 0.38476940639269414
0 0.8673462490479816 0.8622423203858851 0.8556102437166793 0.7026326478801728 0.6369035605483626 0.7312217567910638 0.6486395658796649 0.8908314292967762
0 0.33730013817607585 0.3504507171996315 0.06144986182392424 0.3245492828003685 0.051536962100276404 0.5122335175681012 0.327387238452428 0.5381349519673643
0 0.62375 0.3650000000000001 0.34875 0.3650000000000001 0.34875 0.5283333333333333 0.62375 0.5283333333333334
0 0.33672926251340407 0.7423220565683121 0.3341987356878481 0.5511266964151879 0.07400770521290949 0.5572488383087159 0.07653823203846552 0.74844419846184
0 0.6263128161888701 0.9042175379426648 0.6083701517706577 0.7196644182124792 0.32855817875210797 0.768026981450253 0.34650084317032037 0.9525801011804388
0 0.6316011410788381 0.7165359612724758 0.622423755186722 0.5166728907330568 0.3388438796680498 0.5398222683264178 0.34802126556016594 0.7396853388658368
0 0.8513802501721368 0.7064620151480379 0.8476457424833602 0.3778253385356897 0.6327708285517558 0.3821662458878433 0.6365053362405325 0.7108029225001914