0 0.7089894419306185 0.5806302521008403 0.706425339366516 0.5342016806722689 0.6923076923076923 0.5357142857142857 0.6948717948717948 0.5821428571428571
0 0.21538461538461545 0.7714285714285715 0.19487179487179496 0.7714285714285715 0.19487179487179496 0.7964285714285714 0.21538461538461545 0.7964285714285714
0 0.4461538461538462 0.1750000000000001 0.42435897435897435 0.14464285714285718 0.40384615384615385 0.17321428571428577 0.42564102564102574 0.20357142857142868
0 0.3883696508269887 0.06805216967333015 0.3282663866281614 0.05820331545587524 0.32564102564102565 0.08928571428571434 0.385744289839853 0.09913456850316925
0 0.6230769230769231 0.6178571428571431 0.5954844565464034 0.5842288242730721 0.5730882686634898 0.6198798988621999 0.6006807351940096 0.6535082174462707
0 0.763076923076923 0.5421428571428569 0.7553846153846153 0.5099999999999998 0.7153846153846154 0.5285714285714286 0.7230769230769231 0.5607142857142857
0 0.7769058681810358 0.11176893576222463 0.7464463947685422 0.08207094918504342 0.7304250559284114 0.1139501438159159 0.7608845293409051 0.14364813039309712
0 0.8033865505563619 0.3156334231805931 0.7282051282051281 0.2857142857142858 0.721528785679729 0.31826145552560653 0.7967102080309628 0.3481805929919139
0 0.3831122900088418 0.11440886699507395 0.33793103448275863 0.08743842364532028 0.3214854111405836 0.14088669950738922 0.36666666666666664 0.16785714285714287
0 0.5556410256410257 0.18535714285714291 0.4956410256410257 0.15750000000000006 0.47923076923076924 0.22607142857142865 0.5392307692307693 0.2539285714285715
0 0.4128402366863905 0.7262912087912089 0.4019526627218935 0.6706868131868132 0.2832741617357002 0.7157692307692308 0.2941617357001972 0.7713736263736264
0 0.7280245022970904 0.25891489827171305 0.617116268111674 0.2191916429665282 0.606744021675109 0.2753746444979218 0.7176522558605254 0.31509789980310665
0 0.37692307692307686 0.7785714285714286 0.3388036446160621 0.6692583506321949 0.19642312773092166 0.7655831288922439 0.23454256003793647 0.8748962068314776